0.0000 -0.0896
0.5000 0.0656
1.0000 -0.0945
1.5000 -0.0310
2.0000 0.0189
2.5000 0.0293
3.0000 -0.0021
3.5000 -0.0286
4.0000 -0.0200
4.5000 -0.0496
5.0000 0.0299
5.5000 0.0695
6.0000 -0.0021
6.5000 -0.0029
7.0000 0.0522
7.5000 0.0916
8.0000 0.0499
8.5000 -0.0060
9.0000 0.1538
9.5000 0.1196
10.0000 -0.0160
10.5000 0.1521
11.0000 0.1559
11.5000 0.0333
12.0000 0.0337
12.5000 0.1416
13.0000 0.1560
13.5000 0.1071
14.0000 0.0618
14.5000 0.1490
15.0000 0.2071
15.5000 0.1522
16.0000 0.1239
16.5000 0.1109
17.0000 0.2234
17.5000 0.1306
18.0000 0.2779
18.5000 0.2646
19.0000 0.3087
19.5000 0.1623
20.0000 0.1542
20.5000 0.2479
21.0000 0.2457
21.5000 0.2730
22.0000 0.3276
22.5000 0.1907
23.0000 0.2099
23.5000 0.3342
24.0000 0.2284
24.5000 0.3470
25.0000 0.3617
25.5000 0.2940
26.0000 0.2722
26.5000 0.3075
27.0000 0.3279
27.5000 0.3754
28.0000 0.3283
28.5000 0.2867
29.0000 0.2761
29.5000 0.4471
30.0000 0.3522
30.5000 0.3770
31.0000 0.3335
31.5000 0.2855
32.0000 0.4588
32.5000 0.2866
33.0000 0.2641
33.5000 0.3365
34.0000 0.3372
34.5000 0.3923
35.0000 0.3875
35.5000 0.3030
36.0000 0.4350
36.5000 0.3652
37.0000 0.3014
37.5000 0.4121
38.0000 0.2258
38.5000 0.2239
39.0000 0.3837
39.5000 0.3341
40.0000 0.2262
40.5000 0.3070
41.0000 0.3018
41.5000 0.1826
42.0000 0.2322
42.5000 0.1998
43.0000 0.2284
43.5000 0.3021
44.0000 0.2555
44.5000 0.2763
45.0000 0.1109
45.5000 0.1128
46.0000 0.1363
46.5000 0.2058
47.0000 0.1302
47.5000 0.0142
48.0000 0.0384
48.5000 0.0005
49.0000 -0.0288
49.5000 -0.0235
50.0000 0.0322
50.5000 -0.0168
51.0000 0.0291
51.5000 -0.1162
52.0000 -0.0107
52.5000 -0.1385
53.0000 -0.0277
53.5000 -0.2198
54.0000 -0.1824
54.5000 -0.1043
55.0000 -0.2341
55.5000 -0.2039
56.0000 -0.1984
56.5000 -0.1878
57.0000 -0.3079
57.5000 -0.4142
58.0000 -0.2777
58.5000 -0.3668
59.0000 -0.3678
59.5000 -0.3108
60.0000 -0.4926
60.5000 -0.4220
61.0000 -0.5459
61.5000 -0.4075
62.0000 -0.5435
62.5000 -0.5865
63.0000 -0.4727
63.5000 -0.5596
64.0000 -0.6396
64.5000 -0.5359
65.0000 -0.6576
65.5000 -0.6406
66.0000 -0.7228
66.5000 -0.7451
67.0000 -0.6379
67.5000 -0.8160
68.0000 -0.7613
68.5000 -0.8096
69.0000 -0.8417
69.5000 -0.8490
70.0000 -0.8392
70.5000 -0.8716
71.0000 -0.7948
71.5000 -0.9271
72.0000 -0.9481
72.5000 -0.9213
73.0000 -0.9759
73.5000 -0.8210
74.0000 -0.9777
74.5000 -0.8607
75.0000 -0.9156
75.5000 -0.8982
76.0000 -0.8706
76.5000 -0.9431
77.0000 -0.9777
77.5000 -1.0162
78.0000 -0.9589
78.5000 -1.0162
79.0000 -0.8244
79.5000 -0.9350
80.0000 -0.9492
80.5000 -0.8304
81.0000 -0.9307
81.5000 -0.8244
82.0000 -0.9287
82.5000 -0.8073
83.0000 -0.9545
83.5000 -0.9042
84.0000 -0.8200
84.5000 -0.9250
85.0000 -0.8028
85.5000 -0.7209
86.0000 -0.7742
86.5000 -0.7942
87.0000 -0.7071
87.5000 -0.8107
88.0000 -0.7660
88.5000 -0.7780
89.0000 -0.7708
89.5000 -0.6969
90.0000 -0.5755
90.5000 -0.6917
91.0000 -0.5906
91.5000 -0.5096
92.0000 -0.5001
92.5000 -0.5194
93.0000 -0.3759
93.5000 -0.3996
94.0000 -0.4169
94.5000 -0.3068
95.0000 -0.4177
95.5000 -0.3686
96.0000 -0.2147
96.5000 -0.3073
97.0000 -0.2657
97.5000 -0.1523
98.0000 -0.1789
98.5000 -0.0531
99.0000 -0.1190
99.5000 -0.0007
100.0000 -0.0439
100.5000 -0.0302
101.0000 0.1269
101.5000 0.1385
102.0000 0.0799
102.5000 0.2826
103.0000 0.3154
103.5000 0.1729
104.0000 0.3536
104.5000 0.3827
105.0000 0.3944
105.5000 0.4741
106.0000 0.5510
106.5000 0.5184
107.0000 0.4808
107.5000 0.5690
108.0000 0.5362
108.5000 0.6080
109.0000 0.5903
109.5000 0.7079
110.0000 0.8220
110.5000 0.8138
111.0000 0.7689
111.5000 0.7754
112.0000 0.7906
112.5000 0.9223
113.0000 0.9563
113.5000 0.9589
114.0000 1.1099
114.5000 1.1230
115.0000 1.0314
115.5000 1.0501
116.0000 1.2022
116.5000 1.1982
117.0000 1.2695
117.5000 1.2620
118.0000 1.2339
118.5000 1.1829
119.0000 1.2399
119.5000 1.3502
120.0000 1.2934
120.5000 1.3751
121.0000 1.3005
121.5000 1.4083
122.0000 1.2891
122.5000 1.3976
123.0000 1.3530
123.5000 1.3097
124.0000 1.3368
124.5000 1.5070
125.0000 1.3601
125.5000 1.4587
126.0000 1.4864
126.5000 1.4974
127.0000 1.3767
127.5000 1.3648
128.0000 1.4756
128.5000 1.3763
129.0000 1.3617
129.5000 1.4383
130.0000 1.4328
130.5000 1.2762
131.0000 1.3262
131.5000 1.2498
132.0000 1.2951
132.5000 1.3709
133.0000 1.3612
133.5000 1.2801
134.0000 1.1675
134.5000 1.1972
135.0000 1.2722
135.5000 1.1267
136.0000 1.1101
136.5000 1.1140
137.0000 1.0511
137.5000 0.9867
138.0000 1.0028
138.5000 0.9205
139.0000 0.8944
139.5000 0.9514
140.0000 0.8399
140.5000 0.9502
141.0000 0.7985
141.5000 0.7381
142.0000 0.7445
142.5000 0.7619
143.0000 0.7047
143.5000 0.5303
144.0000 0.5784
144.5000 0.5107
145.0000 0.4924
145.5000 0.4878
146.0000 0.3958
146.5000 0.2545
147.0000 0.3904
147.5000 0.3031
148.0000 0.2332
148.5000 0.2121
149.0000 0.0877
149.5000 0.1112
150.0000 -0.0427
150.5000 0.0369
151.0000 -0.1727
151.5000 -0.2396
152.0000 -0.1608
152.5000 -0.3495
153.0000 -0.2756
153.5000 -0.4168
154.0000 -0.5010
154.5000 -0.4526
155.0000 -0.4213
155.5000 -0.4982
156.0000 -0.6866
156.5000 -0.7565
157.0000 -0.7686
157.5000 -0.8482
158.0000 -0.8752
158.5000 -0.8161
159.0000 -0.9641
159.5000 -1.0141
160.0000 -0.9724
160.5000 -1.1051
161.0000 -1.0757
161.5000 -1.1877
162.0000 -1.1118
162.5000 -1.1260
163.0000 -1.2793
163.5000 -1.2523
164.0000 -1.2722
164.5000 -1.4271
165.0000 -1.4407
165.5000 -1.3415
166.0000 -1.5563
166.5000 -1.4365
167.0000 -1.5137
167.5000 -1.4779
168.0000 -1.5455
168.5000 -1.5175
169.0000 -1.7014
169.5000 -1.5687
170.0000 -1.6557
170.5000 -1.6788
171.0000 -1.6282
171.5000 -1.6761
172.0000 -1.7699
172.5000 -1.8377
173.0000 -1.7085
173.5000 -1.7455
174.0000 -1.7388
174.5000 -1.8160
175.0000 -1.8122
175.5000 -1.7833
176.0000 -1.8840
176.5000 -1.7325
177.0000 -1.6836
177.5000 -1.8475
178.0000 -1.8422
178.5000 -1.6844
179.0000 -1.7215
179.5000 -1.6683
180.0000 -1.8032
180.5000 -1.7353
181.0000 -1.6640
181.5000 -1.6032
182.0000 -1.5908
182.5000 -1.5775
183.0000 -1.6505
183.5000 -1.4784
184.0000 -1.4927
184.5000 -1.5626
185.0000 -1.5624
185.5000 -1.4445
186.0000 -1.4430
186.5000 -1.3714
187.0000 -1.3080
187.5000 -1.3301
188.0000 -1.3368
188.5000 -1.2260
189.0000 -1.1939
189.5000 -1.1967
190.0000 -1.1775
190.5000 -0.9473
191.0000 -1.0023
191.5000 -1.0376
192.0000 -0.9996
192.5000 -0.7968
193.0000 -0.7026
193.5000 -0.7336
194.0000 -0.7460
194.5000 -0.7327
195.0000 -0.5018
195.5000 -0.4787
196.0000 -0.4202
196.5000 -0.4007
197.0000 -0.2891
197.5000 -0.3471
198.0000 -0.3274
198.5000 -0.2576
199.0000 -0.2027
199.5000 -0.1101
200.0000 -0.0982
200.5000 -0.0283
201.0000 0.2105
201.5000 0.2335
202.0000 0.2500
202.5000 0.2541
203.0000 0.3147
203.5000 0.4672
204.0000 0.4462
204.5000 0.5891
205.0000 0.6066
205.5000 0.5830
206.0000 0.7551
206.5000 0.7383
207.0000 0.9200
207.5000 0.8157
208.0000 0.8796
208.5000 0.9190
209.0000 1.0202
209.5000 1.1760
210.0000 1.1572
210.5000 1.2308
211.0000 1.3120
211.5000 1.3592
212.0000 1.2744
212.5000 1.3561
213.0000 1.3953
213.5000 1.4898
214.0000 1.5919
214.5000 1.4429
215.0000 1.4886
215.5000 1.5365
216.0000 1.5786
216.5000 1.6286
217.0000 1.7271
217.5000 1.7712
218.0000 1.8547
218.5000 1.8634
219.0000 1.9085
219.5000 1.8856
220.0000 1.7882
220.5000 1.9836
221.0000 1.8962
221.5000 1.9756
222.0000 1.9100
222.5000 1.9252
223.0000 1.8976
223.5000 1.9887
224.0000 1.9050
224.5000 1.9748
225.0000 1.9376
225.5000 1.9579
226.0000 2.0270
226.5000 1.9946
227.0000 1.8966
227.5000 2.0298
228.0000 1.8722
228.5000 1.9540
229.0000 1.8492
229.5000 1.8379
230.0000 1.8137
230.5000 1.8482
231.0000 1.7849
231.5000 1.8362
232.0000 1.7948
232.5000 1.7139
233.0000 1.7111
233.5000 1.7229
234.0000 1.6193
234.5000 1.6512
235.0000 1.6280
235.5000 1.6049
236.0000 1.6120
236.5000 1.4474
237.0000 1.4139
237.5000 1.4606
238.0000 1.3189
238.5000 1.3570
239.0000 1.2509
239.5000 1.2881
240.0000 1.0798
240.5000 1.0517
241.0000 0.9985
241.5000 0.9439
242.0000 0.9390
242.5000 0.9793
243.0000 0.9091
243.5000 0.7245
244.0000 0.7368
244.5000 0.7268
245.0000 0.5705
245.5000 0.6316
246.0000 0.5605
246.5000 0.4971
247.0000 0.3734
247.5000 0.3948
248.0000 0.2431
248.5000 0.1243
249.0000 0.2200
249.5000 0.0009
250.0000 -0.0459
250.5000 -0.0253
251.0000 -0.0427
251.5000 -0.2807
252.0000 -0.3117
252.5000 -0.2393
253.0000 -0.3368
253.5000 -0.4418
254.0000 -0.5627
254.5000 -0.5138
255.0000 -0.5560
255.5000 -0.6668
256.0000 -0.8337
256.5000 -0.8661
257.0000 -0.9146
257.5000 -0.9071
258.0000 -0.9325
258.5000 -0.9402
259.0000 -1.1282
259.5000 -1.1213
260.0000 -1.1057
260.5000 -1.2627
261.0000 -1.2635
261.5000 -1.3485
262.0000 -1.3069
262.5000 -1.4696
263.0000 -1.4828
263.5000 -1.5172
264.0000 -1.4673
264.5000 -1.5882
265.0000 -1.5721
265.5000 -1.5472
266.0000 -1.6803
266.5000 -1.6948
267.0000 -1.7530
267.5000 -1.8503
268.0000 -1.7593
268.5000 -1.9047
269.0000 -1.8036
269.5000 -1.8279
270.0000 -1.9217
270.5000 -1.9655
271.0000 -2.0153
271.5000 -1.9316
272.0000 -2.0380
272.5000 -1.8853
273.0000 -1.9208
273.5000 -1.9866
274.0000 -2.0035
274.5000 -1.9834
275.0000 -1.9014
275.5000 -1.9265
276.0000 -1.9059
276.5000 -2.0489
277.0000 -1.9518
277.5000 -2.0320
278.0000 -2.0237
278.5000 -2.0048
279.0000 -1.8917
279.5000 -1.8856
280.0000 -1.7768
280.5000 -1.9030
281.0000 -1.7639
281.5000 -1.8750
282.0000 -1.7948
282.5000 -1.6714
283.0000 -1.7098
283.5000 -1.7135
284.0000 -1.6881
284.5000 -1.5326
285.0000 -1.4952
285.5000 -1.6383
286.0000 -1.4836
286.5000 -1.5271
287.0000 -1.4611
287.5000 -1.3203
288.0000 -1.3531
288.5000 -1.2798
289.0000 -1.1949
289.5000 -1.2094
290.0000 -1.0458
290.5000 -1.1252
291.0000 -1.0388
291.5000 -1.0166
292.0000 -0.9748
292.5000 -0.8738
293.0000 -0.7474
293.5000 -0.8275
294.0000 -0.7419
294.5000 -0.7002
295.0000 -0.6396
295.5000 -0.4828
296.0000 -0.4984
296.5000 -0.3759
297.0000 -0.3979
297.5000 -0.3248
298.0000 -0.2592
298.5000 -0.1886
299.0000 -0.2145
299.5000 0.0285
300.0000 -0.0682
300.5000 0.1370
301.0000 0.0578
301.5000 0.1724
302.0000 0.3152
302.5000 0.2650
303.0000 0.3188
303.5000 0.3714
304.0000 0.4938
304.5000 0.4318
305.0000 0.5556
305.5000 0.6069
306.0000 0.7515
306.5000 0.8321
307.0000 0.7536
307.5000 0.7973
308.0000 0.8750
308.5000 0.9727
309.0000 1.0557
309.5000 1.0320
310.0000 1.0676
310.5000 1.1686
311.0000 1.1959
311.5000 1.1348
312.0000 1.1928
312.5000 1.3200
313.0000 1.3542
313.5000 1.3579
314.0000 1.5131
314.5000 1.4818
315.0000 1.4854
315.5000 1.4757
316.0000 1.5194
316.5000 1.5950
317.0000 1.5565
317.5000 1.6805
318.0000 1.5744
318.5000 1.7407
319.0000 1.7448
319.5000 1.7296
320.0000 1.7795
320.5000 1.7965
321.0000 1.7763
321.5000 1.8178
322.0000 1.8154
322.5000 1.7712
323.0000 1.8755
323.5000 1.7426
324.0000 1.8334
324.5000 1.6931
325.0000 1.7970
325.5000 1.8399
326.0000 1.7433
326.5000 1.7722
327.0000 1.7606
327.5000 1.7152
328.0000 1.7714
328.5000 1.6465
329.0000 1.6147
329.5000 1.7760
330.0000 1.7434
330.5000 1.6039
331.0000 1.6668
331.5000 1.5854
332.0000 1.6600
332.5000 1.6169
333.0000 1.5421
333.5000 1.5656
334.0000 1.5298
334.5000 1.3835
335.0000 1.3412
335.5000 1.4124
336.0000 1.2989
336.5000 1.3169
337.0000 1.2474
337.5000 1.2434
338.0000 1.0850
338.5000 1.1899
339.0000 1.0415
339.5000 1.0268
340.0000 1.0678
340.5000 0.9364
341.0000 0.9344
341.5000 0.9043
342.0000 0.8820
342.5000 0.7720
343.0000 0.7066
343.5000 0.5676
344.0000 0.5996
344.5000 0.5495
345.0000 0.4438
345.5000 0.4033
346.0000 0.4064
346.5000 0.3643
347.0000 0.2174
347.5000 0.2939
348.0000 0.2265
348.5000 0.2330
349.0000 0.0521
349.5000 0.0626
350.0000 -0.0519
350.5000 -0.1248
351.0000 -0.0063
351.5000 -0.1471
352.0000 -0.2749
352.5000 -0.2428
353.0000 -0.3810
353.5000 -0.4435
354.0000 -0.3334
354.5000 -0.3508
355.0000 -0.5292
355.5000 -0.4492
356.0000 -0.5306
356.5000 -0.5472
357.0000 -0.5793
357.5000 -0.7243
358.0000 -0.7986
358.5000 -0.8081
359.0000 -0.9144
359.5000 -0.9210
360.0000 -0.8966
360.5000 -0.9839
361.0000 -1.0552
361.5000 -1.0158
362.0000 -1.0299
362.5000 -1.1182
363.0000 -1.1894
363.5000 -1.1654
364.0000 -1.1121
364.5000 -1.2218
365.0000 -1.1185
365.5000 -1.2979
366.0000 -1.3595
366.5000 -1.3227
367.0000 -1.2059
367.5000 -1.3854
368.0000 -1.2427
368.5000 -1.4141
369.0000 -1.2892
369.5000 -1.2800
370.0000 -1.4449
370.5000 -1.4876
371.0000 -1.3854
371.5000 -1.4651
372.0000 -1.4061
372.5000 -1.4050
373.0000 -1.3369
373.5000 -1.4018
374.0000 -1.3277
374.5000 -1.3959
375.0000 -1.4103
375.5000 -1.4687
376.0000 -1.3466
376.5000 -1.4726
377.0000 -1.4076
377.5000 -1.4114
378.0000 -1.3571
378.5000 -1.3983
379.0000 -1.3885
379.5000 -1.2848
380.0000 -1.2204
380.5000 -1.3713
381.0000 -1.2867
381.5000 -1.1637
382.0000 -1.3062
382.5000 -1.1805
383.0000 -1.1944
383.5000 -1.1488
384.0000 -1.2003
384.5000 -1.1007
385.0000 -1.1617
385.5000 -1.1382
386.0000 -1.0225
386.5000 -0.9676
387.0000 -1.0473
387.5000 -0.8240
388.0000 -0.8794
388.5000 -0.9056
389.0000 -0.8639
389.5000 -0.8289
390.0000 -0.6969
390.5000 -0.7161
391.0000 -0.6789
391.5000 -0.6393
392.0000 -0.5886
392.5000 -0.6039
393.0000 -0.5994
393.5000 -0.5553
394.0000 -0.4539
394.5000 -0.4580
395.0000 -0.4188
395.5000 -0.3879
396.0000 -0.2345
396.5000 -0.3359
397.0000 -0.3130
397.5000 -0.2546
398.0000 -0.1807
398.5000 -0.1466
399.0000 -0.0912
399.5000 0.0137
400.0000 0.0867
400.5000 0.1130
401.0000 0.1404
401.5000 0.0594
402.0000 0.2139
402.5000 0.0943
403.0000 0.3027
403.5000 0.2234
404.0000 0.3518
404.5000 0.4140
405.0000 0.3543
405.5000 0.3941
406.0000 0.4730
406.5000 0.3699
407.0000 0.3903
407.5000 0.4015
408.0000 0.5703
408.5000 0.5258
409.0000 0.5278
409.5000 0.5162
410.0000 0.7117
410.5000 0.6530
411.0000 0.7234
411.5000 0.7108
412.0000 0.6985
412.5000 0.7399
413.0000 0.7541
413.5000 0.7462
414.0000 0.8154
414.5000 0.7300
415.0000 0.8244
415.5000 0.7476
416.0000 0.8879
416.5000 0.8619
417.0000 0.9277
417.5000 0.8182
418.0000 0.9133
418.5000 0.9923
419.0000 0.8540
419.5000 0.9281
420.0000 0.8188
420.5000 0.9186
421.0000 1.0094
421.5000 0.9778
422.0000 0.9180
422.5000 0.9921
423.0000 0.9299
423.5000 1.0128
424.0000 0.9800
424.5000 0.8569
425.0000 0.8403
425.5000 0.9385
426.0000 0.8157
426.5000 0.8941
427.0000 0.9586
427.5000 0.9376
428.0000 0.8999
428.5000 0.8767
429.0000 0.7549
429.5000 0.8900
430.0000 0.7520
430.5000 0.8043
431.0000 0.8161
431.5000 0.6749
432.0000 0.8204
432.5000 0.6553
433.0000 0.7345
433.5000 0.7670
434.0000 0.6744
434.5000 0.7045
435.0000 0.6182
435.5000 0.6950
436.0000 0.5278
436.5000 0.5496
437.0000 0.4975
437.5000 0.5848
438.0000 0.5522
438.5000 0.4026
439.0000 0.5070
439.5000 0.5327
440.0000 0.4533
440.5000 0.4069
441.0000 0.4727
441.5000 0.3451
442.0000 0.3615
442.5000 0.3522
443.0000 0.2221
443.5000 0.2655
444.0000 0.3091
444.5000 0.2368
445.0000 0.2615
445.5000 0.1039
446.0000 0.1098
446.5000 0.0957
447.0000 0.1350
447.5000 0.0385
448.0000 0.0962
448.5000 0.1542
449.0000 0.0780
449.5000 -0.0162
450.0000 -0.0474
450.5000 0.0529
451.0000 0.0285
451.5000 -0.0857
452.0000 -0.0883
452.5000 -0.1332
453.0000 -0.0786
453.5000 -0.0300
454.0000 -0.1644
454.5000 -0.0888
455.0000 -0.1431
455.5000 -0.1866
456.0000 -0.1183
456.5000 -0.2050
457.0000 -0.1400
457.5000 -0.1957
458.0000 -0.2322
458.5000 -0.3467
459.0000 -0.2650
459.5000 -0.2290
460.0000 -0.3802
460.5000 -0.3600
461.0000 -0.3426
461.5000 -0.2190
462.0000 -0.2275
462.5000 -0.4219
463.0000 -0.3219
463.5000 -0.2738
464.0000 -0.4060
464.5000 -0.3120
465.0000 -0.4269
465.5000 -0.2993
466.0000 -0.3745
466.5000 -0.3541
467.0000 -0.3050
467.5000 -0.4445
468.0000 -0.4567
468.5000 -0.2677
469.0000 -0.4599
469.5000 -0.2885
470.0000 -0.4375
470.5000 -0.2906
471.0000 -0.3345
471.5000 -0.2890
472.0000 -0.4180
472.5000 -0.3092
473.0000 -0.2706
473.5000 -0.3816
474.0000 -0.3317
474.5000 -0.2899
475.0000 -0.3196
475.5000 -0.3718
476.0000 -0.3280
476.5000 -0.2521
477.0000 -0.3644
477.5000 -0.3013
478.0000 -0.3400
478.5000 -0.3484
479.0000 -0.3082
479.5000 -0.2699
480.0000 -0.1818
480.5000 -0.2410
481.0000 -0.2615
481.5000 -0.3036
482.0000 -0.2164
482.5000 -0.1019
483.0000 -0.1998
483.5000 -0.1647
484.0000 -0.0733
484.5000 -0.1931
485.0000 -0.0778
485.5000 -0.0510
486.0000 -0.0910
486.5000 -0.0769
487.0000 -0.0559
487.5000 -0.0736
488.0000 -0.0417
488.5000 -0.0776
489.0000 -0.0584
489.5000 -0.0712
490.0000 0.0093
490.5000 0.0004
491.0000 -0.0330
491.5000 -0.0296
492.0000 -0.1278
492.5000 -0.0575
493.0000 -0.0647
493.5000 0.0024
494.0000 0.0579
494.5000 -0.0435
495.0000 -0.0552
495.5000 0.0391
496.0000 0.0330
496.5000 0.0066
497.0000 -0.0428
497.5000 -0.1046
498.0000 0.0512
498.5000 0.0203
499.0000 -0.0092
499.5000 -0.0715
500.0000 0.0522
500.5000 -0.0553
501.0000 0.0151
501.5000 0.0643
502.0000 0.0151
502.5000 -0.0751
503.0000 0.0059
503.5000 -0.0304
504.0000 -0.1115
504.5000 0.0662
505.0000 -0.0302
505.5000 -0.0852
506.0000 -0.0892
506.5000 -0.0883
507.0000 0.0400
507.5000 -0.1356
508.0000 0.0172
508.5000 0.0292
509.0000 0.0169
509.5000 -0.0383
510.0000 -0.1106
510.5000 -0.0235
511.0000 -0.0160
511.5000 -0.0393
512.0000 -0.0904
512.5000 -0.1634
513.0000 -0.1848
513.5000 -0.1765
514.0000 -0.1367
514.5000 -0.2301
515.0000 -0.1649
515.5000 -0.2568
516.0000 -0.1008
516.5000 -0.1050
517.0000 -0.1477
517.5000 -0.1126
518.0000 -0.2255
518.5000 -0.1268
519.0000 -0.1288
519.5000 -0.2619
520.0000 -0.2925
520.5000 -0.1822
521.0000 -0.1767
521.5000 -0.2105
522.0000 -0.2631
522.5000 -0.3649
523.0000 -0.2095
523.5000 -0.3085
524.0000 -0.3518
524.5000 -0.2115
525.0000 -0.2914
525.5000 -0.3928
526.0000 -0.2505
526.5000 -0.2400
527.0000 -0.3464
527.5000 -0.2669
528.0000 -0.3244
528.5000 -0.2763
529.0000 -0.3696
529.5000 -0.3552
530.0000 -0.2821
530.5000 -0.3199
531.0000 -0.3207
531.5000 -0.2989
532.0000 -0.3228
532.5000 -0.3997
533.0000 -0.3504
533.5000 -0.2880
534.0000 -0.3064
534.5000 -0.3189
535.0000 -0.2714
535.5000 -0.2773
536.0000 -0.2575
536.5000 -0.2423
537.0000 -0.4022
537.5000 -0.2782
538.0000 -0.4118
538.5000 -0.2710
539.0000 -0.3093
539.5000 -0.3609
540.0000 -0.3665
540.5000 -0.2822
541.0000 -0.2181
541.5000 -0.3132
542.0000 -0.1712
542.5000 -0.3107
543.0000 -0.1853
543.5000 -0.3048
544.0000 -0.1165
544.5000 -0.1619
545.0000 -0.2449
545.5000 -0.0878
546.0000 -0.2192
546.5000 -0.1227
547.0000 -0.0969
547.5000 -0.1734
548.0000 -0.0458
548.5000 -0.0499
549.0000 -0.0786
549.5000 0.0552
550.0000 -0.0166
550.5000 0.0405
551.0000 -0.0387
551.5000 -0.0258
552.0000 0.0398
552.5000 0.0581
553.0000 0.1850
553.5000 0.2206
554.0000 0.1933
554.5000 0.2260
555.0000 0.2664
555.5000 0.2039
556.0000 0.1664
556.5000 0.2510
557.0000 0.2866
557.5000 0.4070
558.0000 0.2880
558.5000 0.3447
559.0000 0.4832
559.5000 0.4332
560.0000 0.4922
560.5000 0.4499
561.0000 0.4322
561.5000 0.5059
562.0000 0.5361
562.5000 0.6018
563.0000 0.6391
563.5000 0.5568
564.0000 0.5611
564.5000 0.5951
565.0000 0.6662
565.5000 0.6861
566.0000 0.7588
566.5000 0.6285
567.0000 0.6421
567.5000 0.7692
568.0000 0.8100
568.5000 0.7267
569.0000 0.7627
569.5000 0.8958
570.0000 0.7563
570.5000 0.7677
571.0000 0.9025
571.5000 0.8023
572.0000 0.9102
572.5000 0.9613
573.0000 0.8321
573.5000 0.9184
574.0000 0.9499
574.5000 0.8288
575.0000 0.9379
575.5000 0.8869
576.0000 0.9117
576.5000 0.9459
577.0000 0.8690
577.5000 0.9125
578.0000 0.9587
578.5000 0.9112
579.0000 0.9546
579.5000 0.9307
580.0000 0.8334
580.5000 0.9128
581.0000 0.8333
581.5000 0.9166
582.0000 0.8329
582.5000 0.8755
583.0000 0.8114
583.5000 0.7653
584.0000 0.8445
584.5000 0.9078
585.0000 0.9209
585.5000 0.8416
586.0000 0.7836
586.5000 0.8575
587.0000 0.7150
587.5000 0.8009
588.0000 0.7834
588.5000 0.7546
589.0000 0.6220
589.5000 0.5938
590.0000 0.7272
590.5000 0.6132
591.0000 0.6237
591.5000 0.5722
592.0000 0.4315
592.5000 0.5941
593.0000 0.3841
593.5000 0.4316
594.0000 0.4438
594.5000 0.3829
595.0000 0.3972
595.5000 0.3639
596.0000 0.1908
596.5000 0.2856
597.0000 0.1198
597.5000 0.2388
598.0000 0.0719
598.5000 0.1396
599.0000 0.1362
599.5000 0.0790
600.0000 0.0185
600.5000 -0.1115
601.0000 -0.0643
601.5000 -0.0245
602.0000 -0.0996
602.5000 -0.2295
603.0000 -0.1518
603.5000 -0.3317
604.0000 -0.2929
604.5000 -0.3316
605.0000 -0.3226
605.5000 -0.3540
606.0000 -0.3700
606.5000 -0.4060
607.0000 -0.4880
607.5000 -0.5304
608.0000 -0.6231
608.5000 -0.6963
609.0000 -0.5821
609.5000 -0.7613
610.0000 -0.8403
610.5000 -0.8230
611.0000 -0.9013
611.5000 -0.7954
612.0000 -0.8315
612.5000 -1.0020
613.0000 -0.9618
613.5000 -1.0776
614.0000 -0.9141
614.5000 -1.0329
615.0000 -1.0128
615.5000 -1.0165
616.0000 -1.0363
616.5000 -1.1722
617.0000 -1.2016
617.5000 -1.1332
618.0000 -1.2689
618.5000 -1.2021
619.0000 -1.3600
619.5000 -1.3277
620.0000 -1.3354
620.5000 -1.3737
621.0000 -1.2394
621.5000 -1.3086
622.0000 -1.3132
622.5000 -1.3184
623.0000 -1.4442
623.5000 -1.4809
624.0000 -1.3172
624.5000 -1.3479
625.0000 -1.5136
625.5000 -1.3814
626.0000 -1.3639
626.5000 -1.4173
627.0000 -1.4435
627.5000 -1.4021
628.0000 -1.4840
628.5000 -1.4226
629.0000 -1.4955
629.5000 -1.4657
630.0000 -1.4299
630.5000 -1.3375
631.0000 -1.3461
631.5000 -1.3492
632.0000 -1.3807
632.5000 -1.2477
633.0000 -1.2425
633.5000 -1.2350
634.0000 -1.3059
634.5000 -1.2167
635.0000 -1.2966
635.5000 -1.1031
636.0000 -1.1706
636.5000 -1.0879
637.0000 -1.0897
637.5000 -1.1328
638.0000 -0.9910
638.5000 -0.9731
639.0000 -0.8970
639.5000 -0.9879
640.0000 -0.9466
640.5000 -0.8264
641.0000 -0.7680
641.5000 -0.8391
642.0000 -0.6813
642.5000 -0.7296
643.0000 -0.6919
643.5000 -0.6959
644.0000 -0.6460
644.5000 -0.4613
645.0000 -0.5107
645.5000 -0.4529
646.0000 -0.3618
646.5000 -0.4354
647.0000 -0.3498
647.5000 -0.1657
648.0000 -0.1818
648.5000 -0.1707
649.0000 -0.1561
649.5000 -0.0412
650.0000 -0.0355
650.5000 0.0663
651.0000 0.0719
651.5000 0.1820
652.0000 0.2918
652.5000 0.3246
653.0000 0.3306
653.5000 0.3978
654.0000 0.3802
654.5000 0.3676
655.0000 0.5965
655.5000 0.4699
656.0000 0.5450
656.5000 0.7327
657.0000 0.7375
657.5000 0.7941
658.0000 0.7486
658.5000 0.8912
659.0000 0.8232
659.5000 0.9903
660.0000 1.0687
660.5000 0.9601
661.0000 1.1665
661.5000 1.1035
662.0000 1.1849
662.5000 1.2897
663.0000 1.1835
663.5000 1.2205
664.0000 1.2283
664.5000 1.3040
665.0000 1.4574
665.5000 1.3996
666.0000 1.4231
666.5000 1.5423
667.0000 1.5239
667.5000 1.6325
668.0000 1.5440
668.5000 1.6250
669.0000 1.6947
669.5000 1.5542
670.0000 1.5896
670.5000 1.6269
671.0000 1.6317
671.5000 1.6977
672.0000 1.6883
672.5000 1.7514
673.0000 1.6928
673.5000 1.6776
674.0000 1.7585
674.5000 1.7811
675.0000 1.8817
675.5000 1.8323
676.0000 1.7092
676.5000 1.7016
677.0000 1.7694
677.5000 1.7755
678.0000 1.7735
678.5000 1.7637
679.0000 1.6920
679.5000 1.8322
680.0000 1.6383
680.5000 1.7036
681.0000 1.6803
681.5000 1.6746
682.0000 1.6872
682.5000 1.6429
683.0000 1.6056
683.5000 1.5435
684.0000 1.5955
684.5000 1.5503
685.0000 1.4029
685.5000 1.3946
686.0000 1.4563
686.5000 1.3697
687.0000 1.3897
687.5000 1.3070
688.0000 1.2086
688.5000 1.2663
689.0000 1.1061
689.5000 1.0498
690.0000 1.0171
690.5000 0.9744
691.0000 1.0947
691.5000 0.9427
692.0000 0.9592
692.5000 0.9033
693.0000 0.8656
693.5000 0.6956
694.0000 0.6889
694.5000 0.6811
695.0000 0.4911
695.5000 0.4390
696.0000 0.4951
696.5000 0.3918
697.0000 0.3315
697.5000 0.2942
698.0000 0.3237
698.5000 0.1937
699.0000 0.1752
699.5000 0.0564
700.0000 -0.0171
700.5000 0.0350
701.0000 -0.2148
701.5000 -0.2119
702.0000 -0.1680
702.5000 -0.2754
703.0000 -0.2609
703.5000 -0.3362
704.0000 -0.4072
704.5000 -0.6287
705.0000 -0.6693
705.5000 -0.7234
706.0000 -0.7778
706.5000 -0.7502
707.0000 -0.7857
707.5000 -0.7831
708.0000 -0.8415
708.5000 -0.9976
709.0000 -1.1355
709.5000 -1.0152
710.0000 -1.1859
710.5000 -1.1893
711.0000 -1.2266
711.5000 -1.2371
712.0000 -1.3399
712.5000 -1.3465
713.0000 -1.4969
713.5000 -1.4050
714.0000 -1.5029
714.5000 -1.5267
715.0000 -1.6746
715.5000 -1.6298
716.0000 -1.7060
716.5000 -1.7080
717.0000 -1.6247
717.5000 -1.7759
718.0000 -1.8244
718.5000 -1.8777
719.0000 -1.8997
719.5000 -1.8324
720.0000 -1.7936
720.5000 -1.8317
721.0000 -1.8842
721.5000 -2.0079
722.0000 -1.9670
722.5000 -1.9654
723.0000 -1.9357
723.5000 -1.9728
724.0000 -2.0098
724.5000 -1.9965
725.0000 -1.9953
725.5000 -2.0266
726.0000 -2.0309
726.5000 -1.8935
727.0000 -1.8940
727.5000 -1.9821
728.0000 -1.8863
728.5000 -1.8896
729.0000 -1.8427
729.5000 -1.8448
730.0000 -1.9158
730.5000 -1.8048
731.0000 -1.8850
731.5000 -1.8985
732.0000 -1.7393
732.5000 -1.7975
733.0000 -1.6777
733.5000 -1.6495
734.0000 -1.7627
734.5000 -1.5483
735.0000 -1.6143
735.5000 -1.5422
736.0000 -1.5739
736.5000 -1.4047
737.0000 -1.4677
737.5000 -1.5034
738.0000 -1.4072
738.5000 -1.3502
739.0000 -1.3593
739.5000 -1.2773
740.0000 -1.1061
740.5000 -1.0566
741.0000 -1.0911
741.5000 -1.0487
742.0000 -1.0463
742.5000 -0.9459
743.0000 -0.9295
743.5000 -0.8114
744.0000 -0.6789
744.5000 -0.7137
745.0000 -0.6705
745.5000 -0.4712
746.0000 -0.5368
746.5000 -0.5305
747.0000 -0.4380
747.5000 -0.3945
748.0000 -0.2213
748.5000 -0.1633
749.0000 -0.0932
749.5000 -0.1328
750.0000 0.0559
750.5000 0.1171
751.0000 0.0431
751.5000 0.1471
752.0000 0.1724
752.5000 0.3053
753.0000 0.4151
753.5000 0.4968
754.0000 0.4953
754.5000 0.4857
755.0000 0.5574
755.5000 0.7682
756.0000 0.7168
756.5000 0.8933
757.0000 0.9167
757.5000 0.9945
758.0000 0.9375
758.5000 1.0108
759.0000 1.1390
759.5000 1.1738
760.0000 1.1141
760.5000 1.3170
761.0000 1.1791
761.5000 1.3907
762.0000 1.3579
762.5000 1.4466
763.0000 1.4907
763.5000 1.5075
764.0000 1.5469
764.5000 1.6479
765.0000 1.5623
765.5000 1.6135
766.0000 1.7338
766.5000 1.6969
767.0000 1.7330
767.5000 1.7844
768.0000 1.8126
768.5000 1.9129
769.0000 1.8135
769.5000 1.8096
770.0000 1.8537
770.5000 1.8796
771.0000 1.8220
771.5000 1.9668
772.0000 1.8538
772.5000 1.9995
773.0000 1.9071
773.5000 1.9227
774.0000 2.0002
774.5000 1.8823
775.0000 1.9453
775.5000 1.9450
776.0000 2.0403
776.5000 1.9932
777.0000 1.9628
777.5000 1.8748
778.0000 1.9199
778.5000 1.9892
779.0000 1.8993
779.5000 1.8609
780.0000 1.8763
780.5000 1.7878
781.0000 1.7523
781.5000 1.7776
782.0000 1.8175
782.5000 1.7034
783.0000 1.6434
783.5000 1.6974
784.0000 1.6055
784.5000 1.5525
785.0000 1.6113
785.5000 1.6045
786.0000 1.4617
786.5000 1.4531
787.0000 1.3802
787.5000 1.4740
788.0000 1.3242
788.5000 1.2981
789.0000 1.1506
789.5000 1.2420
790.0000 1.1874
790.5000 1.0070
791.0000 1.0600
791.5000 0.8882
792.0000 0.9013
792.5000 0.9674
793.0000 0.7579
793.5000 0.6990
794.0000 0.7348
794.5000 0.6860
795.0000 0.5856
795.5000 0.6198
796.0000 0.4080
796.5000 0.3589
797.0000 0.4186
797.5000 0.2012
798.0000 0.1512
798.5000 0.1073
799.0000 0.1823
799.5000 0.1451
800.0000 0.0911
800.5000 -0.0721
801.0000 -0.1275
801.5000 -0.1354
802.0000 -0.2223
802.5000 -0.2863
803.0000 -0.3019
803.5000 -0.4491
804.0000 -0.5006
804.5000 -0.5767
805.0000 -0.5679
805.5000 -0.6534
806.0000 -0.7481
806.5000 -0.7659
807.0000 -0.6975
807.5000 -0.7766
808.0000 -0.9911
808.5000 -0.9422
809.0000 -1.0929
809.5000 -1.0558
810.0000 -1.1103
810.5000 -1.1296
811.0000 -1.1598
811.5000 -1.2278
812.0000 -1.2925
812.5000 -1.3849
813.0000 -1.3079
813.5000 -1.4690
814.0000 -1.5026
814.5000 -1.3952
815.0000 -1.4093
815.5000 -1.4804
816.0000 -1.5621
816.5000 -1.6406
817.0000 -1.6695
817.5000 -1.6993
818.0000 -1.6675
818.5000 -1.6472
819.0000 -1.7616
819.5000 -1.6777
820.0000 -1.7707
820.5000 -1.6779
821.0000 -1.8422
821.5000 -1.6892
822.0000 -1.7725
822.5000 -1.8244
823.0000 -1.7079
823.5000 -1.8225
824.0000 -1.8607
824.5000 -1.8552
825.0000 -1.8442
825.5000 -1.7852
826.0000 -1.8161
826.5000 -1.8559
827.0000 -1.6766
827.5000 -1.7027
828.0000 -1.7943
828.5000 -1.6852
829.0000 -1.6443
829.5000 -1.7431
830.0000 -1.7170
830.5000 -1.6784
831.0000 -1.6762
831.5000 -1.6702
832.0000 -1.5625
832.5000 -1.4888
833.0000 -1.5704
833.5000 -1.4474
834.0000 -1.4271
834.5000 -1.4317
835.0000 -1.3713
835.5000 -1.3133
836.0000 -1.3515
836.5000 -1.2904
837.0000 -1.2142
837.5000 -1.2046
838.0000 -1.1991
838.5000 -1.0615
839.0000 -1.0476
839.5000 -1.0501
840.0000 -1.0361
840.5000 -1.0379
841.0000 -0.9551
841.5000 -0.9303
842.0000 -0.7258
842.5000 -0.7485
843.0000 -0.6401
843.5000 -0.7024
844.0000 -0.5431
844.5000 -0.6003
845.0000 -0.4966
845.5000 -0.4715
846.0000 -0.4758
846.5000 -0.3590
847.0000 -0.2355
847.5000 -0.2128
848.0000 -0.2579
848.5000 -0.2172
849.0000 -0.0985
849.5000 -0.0871
850.0000 -0.0492
850.5000 0.0468
851.0000 0.0808
851.5000 0.2283
852.0000 0.1670
852.5000 0.2583
853.0000 0.2613
853.5000 0.2681
854.0000 0.3257
854.5000 0.5237
855.0000 0.4136
855.5000 0.5421
856.0000 0.5811
856.5000 0.5240
857.0000 0.7284
857.5000 0.6103
858.0000 0.6514
858.5000 0.8771
859.0000 0.7731
859.5000 0.8501
860.0000 0.9386
860.5000 0.9726
861.0000 0.9578
861.5000 1.0455
862.0000 1.0494
862.5000 1.0614
863.0000 1.0762
863.5000 1.2323
864.0000 1.1654
864.5000 1.1300
865.0000 1.2861
865.5000 1.2486
866.0000 1.3499
866.5000 1.3366
867.0000 1.3910
867.5000 1.4112
868.0000 1.3601
868.5000 1.3245
869.0000 1.3719
869.5000 1.3831
870.0000 1.4455
870.5000 1.3817
871.0000 1.3159
871.5000 1.3148
872.0000 1.3347
872.5000 1.3337
873.0000 1.4907
873.5000 1.4734
874.0000 1.5040
874.5000 1.3952
875.0000 1.3471
875.5000 1.4771
876.0000 1.4769
876.5000 1.3476
877.0000 1.3580
877.5000 1.2928
878.0000 1.2822
878.5000 1.2830
879.0000 1.2495
879.5000 1.2528
880.0000 1.3476
880.5000 1.2282
881.0000 1.1777
881.5000 1.1985
882.0000 1.2130
882.5000 1.1397
883.0000 1.1303
883.5000 1.2444
884.0000 1.0536
884.5000 1.0730
885.0000 0.9783
885.5000 1.0726
886.0000 1.0612
886.5000 0.8951
887.0000 1.0060
887.5000 0.8973
888.0000 0.7952
888.5000 0.8253
889.0000 0.8087
889.5000 0.7888
890.0000 0.7546
890.5000 0.7048
891.0000 0.6574
891.5000 0.6576
892.0000 0.5978
892.5000 0.4970
893.0000 0.4755
893.5000 0.4290
894.0000 0.5259
894.5000 0.5035
895.0000 0.2838
895.5000 0.2685
896.0000 0.3710
896.5000 0.3178
897.0000 0.2443
897.5000 0.1126
898.0000 0.1209
898.5000 0.0624
899.0000 0.0420
899.5000 0.1179
900.0000 -0.0958
900.5000 -0.1205
901.0000 -0.0390
901.5000 -0.1656
902.0000 -0.1024
902.5000 -0.1399
903.0000 -0.1985
903.5000 -0.1518
904.0000 -0.1998
904.5000 -0.3465
905.0000 -0.3880
905.5000 -0.3786
906.0000 -0.4069
906.5000 -0.4672
907.0000 -0.4425
907.5000 -0.5019
908.0000 -0.5976
908.5000 -0.4670
909.0000 -0.4870
909.5000 -0.5575
910.0000 -0.6610
910.5000 -0.7365
911.0000 -0.6452
911.5000 -0.6647
912.0000 -0.6807
912.5000 -0.8267
913.0000 -0.6930
913.5000 -0.8276
914.0000 -0.8527
914.5000 -0.7241
915.0000 -0.8165
915.5000 -0.8735
916.0000 -0.9362
916.5000 -0.9113
917.0000 -0.9235
917.5000 -0.9134
918.0000 -0.9647
918.5000 -0.9280
919.0000 -0.8867
919.5000 -0.9194
920.0000 -0.9559
920.5000 -0.9360
921.0000 -0.9671
921.5000 -0.8309
922.0000 -0.9771
922.5000 -0.8995
923.0000 -0.9219
923.5000 -0.9046
924.0000 -0.9960
924.5000 -0.8211
925.0000 -0.9835
925.5000 -0.9055
926.0000 -0.8129
926.5000 -0.9124
927.0000 -0.9171
927.5000 -0.9051
928.0000 -0.8037
928.5000 -0.8547
929.0000 -0.9350
929.5000 -0.8627
930.0000 -0.8737
930.5000 -0.8776
931.0000 -0.7700
931.5000 -0.8264
932.0000 -0.7979
932.5000 -0.6852
933.0000 -0.6299
933.5000 -0.7436
934.0000 -0.5944
934.5000 -0.7054
935.0000 -0.6029
935.5000 -0.7145
936.0000 -0.6638
936.5000 -0.5787
937.0000 -0.6344
937.5000 -0.4436
938.0000 -0.4591
938.5000 -0.5312
939.0000 -0.4159
939.5000 -0.4081
940.0000 -0.4669
940.5000 -0.3424
941.0000 -0.3154
941.5000 -0.2844
942.0000 -0.2900
942.5000 -0.3275
943.0000 -0.2405
943.5000 -0.2017
944.0000 -0.2464
944.5000 -0.1756
945.0000 -0.2075
945.5000 -0.1082
946.0000 -0.2592
946.5000 -0.1393
947.0000 -0.0496
947.5000 -0.1272
948.0000 -0.0771
948.5000 0.0284
949.0000 0.0342
949.5000 -0.0974
950.0000 0.0200
950.5000 -0.0718
951.0000 0.0948
951.5000 0.0739
952.0000 0.0152
952.5000 0.0955
953.0000 0.0289
953.5000 0.0832
954.0000 0.1981
954.5000 0.1556
955.0000 0.2535
955.5000 0.1808
956.0000 0.1272
956.5000 0.2608
957.0000 0.2707
957.5000 0.1510
958.0000 0.3333
958.5000 0.2365
959.0000 0.2991
959.5000 0.2768
960.0000 0.2883
960.5000 0.3009
961.0000 0.2209
961.5000 0.3026
962.0000 0.2863
962.5000 0.3154
963.0000 0.3317
963.5000 0.2784
964.0000 0.3893
964.5000 0.3737
965.0000 0.3739
965.5000 0.2789
966.0000 0.3300
966.5000 0.4249
967.0000 0.3468
967.5000 0.4481
968.0000 0.2793
968.5000 0.3631
969.0000 0.4214
969.5000 0.3201
970.0000 0.3961
970.5000 0.3921
971.0000 0.3104
971.5000 0.3755
972.0000 0.2829
972.5000 0.3014
973.0000 0.3104
973.5000 0.3766
974.0000 0.3886
974.5000 0.2630
975.0000 0.3032
975.5000 0.3351
976.0000 0.3444
976.5000 0.2806
977.0000 0.2127
977.5000 0.2118
978.0000 0.2594
978.5000 0.1678
979.0000 0.2635
979.5000 0.3079
980.0000 0.3244
980.5000 0.2547
981.0000 0.2655
981.5000 0.1265
982.0000 0.2234
982.5000 0.2143
983.0000 0.2270
983.5000 0.1739
984.0000 0.0834
984.5000 0.1776
985.0000 0.0586
985.5000 0.2051
986.0000 0.1735
986.5000 0.0390
987.0000 0.0349
987.5000 0.1108
988.0000 0.1267
988.5000 0.1572
989.0000 0.1375
989.5000 0.1124
990.0000 0.1382
990.5000 -0.0257
991.0000 0.0407
991.5000 0.0639
992.0000 -0.0094
992.5000 0.0376
993.0000 -0.0037
993.5000 -0.0569
994.0000 -0.0646
994.5000 0.0854
995.0000 0.0743
995.5000 -0.0481
996.0000 0.0660
996.5000 0.0851
997.0000 0.0143
997.5000 0.0289
998.0000 0.0722
998.5000 0.0498
999.0000 -0.0474
999.5000 -0.0797
1000.0000 0.0020
